1 0.35625 0.45 0.25625 0.2625
2 0.16953125 0.45546875 0.0171875 0.0140625
2 0.11796875 0.34609375 0.015625 0.01875
2 0.30625 0.36640625 0.0109375 0.0109375
2 0.25 0.4734375 0.0140625 0.0203125
2 0.0109375 0.6390625 0.01875 0.0125
2 0.11640625 0.6109375 0.0171875 0.0171875
2 0.07109375 0.52421875 0.01875 0.01875
2 0.12265625 0.5640625 0.0171875 0.0125
2 0.49140625 0.37265625 0.0125 0.0203125
2 0.43984375 0.3046875 0.0125 0.0140625
2 0.21171875 0.28046875 0.0203125 0.015625
2 0.46953125 0.2359375 0.01875 0.0171875
2 0.3796875 0.1578125 0.0140625 0.015625
2 0.3546875 0.77421875 0.0125 0.0125
2 0.31015625 0.975 0.0375 0.0328125
2 0.22578125 0.97578125 0.0234375 0.028125
2 0.48984375 0.671875 0.0171875 0.015625
2 0.39140625 0.84140625 0.021875 0.0171875
2 0.596875 0.72578125 0.015625 0.0171875
2 0.4140625 0.7359375 0.0125 0.0140625
2 0.4578125 0.878125 0.0203125 0.021875
2 0.54765625 0.534375 0.0109375 0.0125
2 0.58125 0.603125 0.01875 0.0125
2 0.7375 0.59453125 0.01875 0.01875
2 0.59765625 0.63359375 0.0140625 0.0140625
2 0.59375 0.11796875 0.0125 0.009375
2 0.534375 0.03828125 0.0078125 0.0125
2 0.803125 0.534375 0.0125 0.015625
2 0.775 0.4046875 0.0109375 0.0140625