1 0.55546875 0.50234375 0.3734375 0.1953125
2 0.35703125 0.35703125 0.0171875 0.015625
2 0.13203125 0.86171875 0.0296875 0.025
2 0.025 0.98125 0.0265625 0.021875
2 0.17890625 0.9578125 0.0421875 0.0328125
2 0.56953125 0.8171875 0.0203125 0.0234375
2 0.3703125 0.78984375 0.0203125 0.0125
2 0.059375 0.3546875 0.025 0.021875
2 0.21953125 0.44765625 0.0140625 0.0171875
2 0.21875 0.33125 0.0296875 0.0328125
2 0.36015625 0.2171875 0.01875 0.0171875
2 0.4890625 0.23515625 0.0171875 0.0140625
2 0.53984375 0.39296875 0.015625 0.0125
2 0.42734375 0.44140625 0.0203125 0.0171875
2 0.96171875 0.415625 0.0140625 0.0171875
2 0.69921875 0.740625 0.0125 0.0125
2 0.646875 0.9515625 0.025 0.01875
2 0.640625 0.98125 0.0140625 0.0140625
2 0.42421875 0.8 0.01875 0.015625
2 0.37734375 0.8828125 0.0203125 0.0171875
2 0.69609375 0.828125 0.01875 0.015625
2 0.8125 0.9546875 0.015625 0.015625
2 0.9578125 0.95625 0.015625 0.0171875
2 0.04765625 0.88203125 0.0171875 0.0140625
2 0.11015625 0.95625 0.0203125 0.0171875
2 0.07890625 0.9546875 0.0125 0.015625
2 0.77578125 0.4171875 0.0203125 0.0171875
2 0.09140625 0.39921875 0.021875 0.01875