3 0.53046875 0.296875 0.2875 0.4296875
3 0.3140625 0.61953125 0.628125 0.3125
2 0.2625 0.34765625 0.04375 0.03125
2 0.734375 0.2109375 0.0625 0.0578125
2 0.79921875 0.1578125 0.0578125 0.065625
3 0.61171875 0.125 0.0765625 0.0734375
2 0.63046875 0.23203125 0.05625 0.059375
2 0.30390625 0.3453125 0.0390625 0.0375
2 0.359375 0.35078125 0.040625 0.0390625
2 0.51484375 0.2640625 0.0296875 0.034375
2 0.4171875 0.15703125 0.03125 0.0328125
2 0.43203125 0.13046875 0.0265625 0.0265625
3 0.03828125 0.46875 0.046875 0.040625
2 0.22578125 0.2765625 0.05 0.034375