1 0.61015625 0.3328125 0.290625 0.225
2 0.38828125 0.309375 0.015625 0.0140625
2 0.3078125 0.46171875 0.015625 0.0125
2 0.553125 0.24375 0.015625 0.0140625
2 0.75703125 0.14296875 0.015625 0.0125
2 0.33984375 0.18671875 0.0171875 0.021875
2 0.38671875 0.87109375 0.021875 0.01875
2 0.59765625 0.7609375 0.0203125 0.0234375
2 0.55703125 0.68125 0.0140625 0.0125
2 0.41484375 0.98046875 0.01875 0.0171875
2 0.43046875 0.83359375 0.021875 0.0203125
2 0.4734375 0.88984375 0.0203125 0.01875
2 0.72890625 0.60234375 0.01875 0.015625
2 0.8421875 0.67734375 0.021875 0.025
2 0.634375 0.653125 0.0234375 0.015625
2 0.8390625 0.54296875 0.01875 0.0171875
2 0.80703125 0.46640625 0.01875 0.015625