1 0.5828125 0.37109375 0.2890625 0.225
2 0.53828125 0.678125 0.0203125 0.015625
2 0.4625 0.8046875 0.015625 0.021875
2 0.4359375 0.66875 0.0140625 0.0109375
2 0.6953125 0.68515625 0.021875 0.0203125
2 0.2640625 0.1921875 0.0140625 0.009375
2 0.4109375 0.23125 0.0171875 0.015625
2 0.75390625 0.23828125 0.0171875 0.01875
2 0.85234375 0.36015625 0.0171875 0.0171875
2 0.85625 0.2953125 0.0265625 0.0203125
2 0.65625 0.09296875 0.0171875 0.01875
2 0.60234375 0.246875 0.0140625 0.015625
2 0.68671875 0.3140625 0.015625 0.0203125
2 0.440625 0.57734375 0.0171875 0.0140625
2 0.63203125 0.6890625 0.0171875 0.0203125
2 0.88125 0.8015625 0.021875 0.021875
2 0.21484375 0.7546875 0.0125 0.0203125
2 0.28671875 0.07421875 0.021875 0.0203125