1 0.46640625 0.2375 0.2828125 0.275
2 0.56328125 0.5078125 0.0203125 0.0203125
2 0.2578125 0.2875 0.015625 0.015625
2 0.5375 0.11875 0.015625 0.0140625
2 0.43125 0.13984375 0.0171875 0.0140625
2 0.703125 0.38203125 0.0203125 0.0140625
2 0.6875 0.50390625 0.0171875 0.0140625
2 0.9109375 0.3109375 0.028125 0.0203125
2 0.86796875 0.41328125 0.040625 0.03125
2 0.28125 0.834375 0.0140625 0.015625
2 0.5515625 0.6609375 0.0203125 0.015625
2 0.5671875 0.684375 0.015625 0.0125
2 0.43515625 0.51484375 0.0140625 0.015625
2 0.4703125 0.58671875 0.0125 0.0109375
2 0.5609375 0.0125 0.0125 0.015625
2 0.69765625 0.01484375 0.01875 0.0140625
2 0.32421875 0.27734375 0.015625 0.015625
2 0.1125 0.384375 0.015625 0.0140625