3 0.6921875 0.4796875 0.0140625 0.03125
3 0.38203125 0.81953125 0.009375 0.0140625
3 0.603125 0.79296875 0.0140625 0.034375
3 0.18203125 0.67734375 0.0234375 0.0171875
3 0.153125 0.64765625 0.021875 0.0109375
3 0.48515625 0.6828125 0.0171875 0.0203125
3 0.62265625 0.69921875 0.03125 0.0359375
2 0.921875 0.8328125 0.009375 0.028125
2 0.934375 0.8359375 0.009375 0.021875
2 0.9046875 0.8109375 0.009375 0.0140625
2 0.925 0.7953125 0.0078125 0.0140625
2 0.92734375 0.7578125 0.0125 0.0171875
2 0.87578125 0.88671875 0.009375 0.0109375
3 0.8734375 0.959375 0.0109375 0.015625
3 0.98359375 0.8875 0.009375 0.0125
2 0.959375 0.76328125 0.0109375 0.0125
2 0.95546875 0.8359375 0.0078125 0.021875
2 0.93984375 0.76484375 0.0125 0.0109375
3 0.97421875 0.73046875 0.0078125 0.0078125
2 0.6046875 0.9515625 0.03125 0.0125
3 0.5375 0.7625 0.696875 0.009375