3 0.6875 0.453125 0.01875 0.0328125
3 0.5734375 0.7546875 0.690625 0.10625
3 0.42734375 0.8328125 0.0109375 0.015625
3 0.64296875 0.77578125 0.01875 0.0359375
3 0.21015625 0.71953125 0.025 0.0203125
3 0.17734375 0.69453125 0.0234375 0.0140625
3 0.5109375 0.6828125 0.0203125 0.021875
3 0.64921875 0.68046875 0.0359375 0.040625
2 0.9640625 0.77109375 0.0125 0.0296875
2 0.9765625 0.771875 0.0125 0.0234375
2 0.94375 0.7515625 0.0109375 0.015625
2 0.96171875 0.73359375 0.009375 0.015625
2 0.959375 0.69609375 0.0140625 0.01875
2 0.92578125 0.83046875 0.0109375 0.0125
3 0.93359375 0.903125 0.0125 0.0171875
2 0.99140625 0.696875 0.0125 0.0140625
2 0.99609375 0.76953125 0.0078125 0.0234375
2 0.97265625 0.70078125 0.0140625 0.0125
3 0.9984375 0.6625 0.003125 0.009375
2 0.671875 0.93203125 0.0421875 0.01875