3 0.3734375 0.3328125 0.20625 0.665625
3 0.23515625 0.653125 0.4703125 0.075
2 0.13125 0.425 0.021875 0.0234375
2 0.04375 0.4140625 0.0328125 0.0265625
2 0.0109375 0.553125 0.021875 0.0375
2 0.23203125 0.75859375 0.0265625 0.0234375
2 0.046875 0.62890625 0.01875 0.021875
2 0.0625 0.60859375 0.021875 0.0203125
2 0.140625 0.77265625 0.028125 0.0421875
2 0.2078125 0.65625 0.0171875 0.021875
2 0.2890625 0.15546875 0.0234375 0.021875
3 0.109375 0.19765625 0.0359375 0.0453125
2 0.06796875 0.065625 0.01875 0.015625
2 0.1515625 0.4578125 0.021875 0.034375
2 0.19765625 0.5015625 0.021875 0.0265625
3 0.29609375 0.8546875 0.0265625 0.0546875
2 0.27421875 0.9171875 0.0359375 0.0328125
2 0.0125 0.93359375 0.025 0.0359375