3 0.3609375 0.34609375 0.2625 0.6546875
3 0.2515625 0.6734375 0.503125 0.0375
2 0.1265625 0.45703125 0.01875 0.0296875
2 0.0609375 0.66796875 0.0265625 0.0203125
2 0.078125 0.6453125 0.021875 0.0234375
2 0.22890625 0.68125 0.0296875 0.0203125
2 0.26171875 0.178125 0.0265625 0.025
2 0.15 0.4890625 0.0171875 0.025
2 0.31484375 0.934375 0.0265625 0.04375
2 0.0578125 0.97734375 0.0359375 0.0296875
2 0.26015625 0.77734375 0.0296875 0.0359375
3 0.16875 0.8 0.028125 0.059375
3 0.3296875 0.8640625 0.040625 0.071875
3 0.08828125 0.240625 0.0265625 0.040625
2 0.01796875 0.5921875 0.0359375 0.034375