1 0.64765625 0.1328125 0.35625 0.2484375
2 0.58046875 0.521875 0.0203125 0.0171875
2 0.24453125 0.6125 0.0171875 0.0171875
2 0.4828125 0.67109375 0.021875 0.0203125
2 0.69140625 0.5421875 0.0203125 0.015625
2 0.453125 0.50390625 0.0203125 0.021875
2 0.7578125 0.65625 0.0203125 0.01875
2 0.8984375 0.75703125 0.04375 0.04375
2 0.775 0.5421875 0.0203125 0.015625
2 0.72109375 0.53984375 0.0234375 0.0125
2 0.4015625 0.5765625 0.0140625 0.0171875
2 0.421875 0.63515625 0.0125 0.0109375
2 0.31875 0.62734375 0.01875 0.0171875
2 0.46328125 0.3953125 0.0140625 0.0203125
2 0.77578125 0.0953125 0.025 0.021875
2 0.4953125 0.02734375 0.01875 0.01875
2 0.4015625 0.0125 0.0234375 0.0140625
2 0.85546875 0.00859375 0.0125 0.0171875
2 0.9765625 0.1578125 0.015625 0.0203125
2 0.88203125 0.06796875 0.015625 0.0125
2 0.9515625 0.1078125 0.0203125 0.0171875
2 0.66953125 0.0046875 0.0109375 0.009375