1 0.44921875 0.2484375 0.371875 0.25625
2 0.3734375 0.59140625 0.0234375 0.015625
2 0.2390625 0.57109375 0.01875 0.015625
2 0.05546875 0.67578125 0.0171875 0.01875
2 0.25078125 0.4703125 0.01875 0.01875
2 0.58203125 0.19609375 0.01875 0.0203125
2 0.29140625 0.128125 0.0171875 0.01875
2 0.23125 0.0765625 0.0234375 0.01875
2 0.1953125 0.1125 0.0171875 0.0140625
2 0.66796875 0.11875 0.01875 0.0203125
2 0.79140625 0.2609375 0.0125 0.01875
2 0.97265625 0.19609375 0.01875 0.015625
2 0.47578125 0.11171875 0.0140625 0.0140625
2 0.2671875 0.728125 0.0171875 0.01875
2 0.575 0.61484375 0.01875 0.0203125
2 0.69765625 0.80703125 0.0484375 0.0515625
2 0.89140625 0.9265625 0.025 0.0296875
2 0.38046875 0.6734375 0.015625 0.0203125
2 0.48828125 0.6109375 0.025 0.0203125
2 0.8046875 0.7578125 0.025 0.028125
2 0.0421875 0.02265625 0.015625 0.0171875