3 0.23359375 0.47734375 0.4671875 0.0984375
2 0.06015625 0.13125 0.025 0.0265625
3 0.51171875 0.08359375 0.0546875 0.0375
2 0.52578125 0.175 0.025 0.0328125
2 0.7140625 0.15625 0.0390625 0.0375
3 0.6453125 0.19921875 0.0671875 0.04375
3 0.39765625 0.21953125 0.2109375 0.4390625
2 0.09453125 0.21015625 0.0203125 0.0265625
2 0.140625 0.21484375 0.0328125 0.0328125
2 0.20859375 0.2375 0.025 0.021875
2 0.1953125 0.27265625 0.015625 0.0234375
2 0.096875 0.178125 0.021875 0.0203125
2 0.0234375 0.34140625 0.0171875 0.0171875
2 0.25625 0.178125 0.025 0.021875
2 0.20390625 0.16953125 0.025 0.0171875
2 0.39375 0.19375 0.021875 0.021875
2 0.31796875 0.04609375 0.01875 0.01875
2 0.30078125 0.06875 0.0203125 0.025
2 0.21953125 0.03984375 0.040625 0.0125
2 0.7 0.23203125 0.0234375 0.01875
2 0.41171875 0.0265625 0.0140625 0.015625
2 0.3859375 0.015625 0.021875 0.0125
2 0.17890625 0.1234375 0.021875 0.015625
2 0.3796875 0.43125 0.015625 0.0171875
2 0.015625 0.18984375 0.0171875 0.015625