1 0.4765625 0.4578125 0.35625 0.2125
2 0.7265625 0.9109375 0.034375 0.0421875
2 0.425 0.77734375 0.025 0.0203125
2 0.3375 0.91328125 0.0234375 0.0203125
2 0.59375 0.39296875 0.01875 0.01875
2 0.66953125 0.3109375 0.0171875 0.015625
2 0.1046875 0.33203125 0.015625 0.0171875
2 0.68046875 0.16484375 0.015625 0.0125
2 0.3125 0.6890625 0.0171875 0.015625
2 0.7640625 0.9515625 0.0328125 0.025
2 0.3046875 0.7828125 0.0171875 0.0171875
2 0.60625 0.76328125 0.0203125 0.01875
2 0.90546875 0.98515625 0.0328125 0.028125