1 0.48515625 0.459375 0.409375 0.2078125
2 0.78828125 0.88125 0.0390625 0.028125
2 0.4640625 0.7859375 0.0171875 0.0171875
2 0.346875 0.80703125 0.0125 0.0125
2 0.31796875 0.4109375 0.01875 0.0203125
2 0.57734375 0.38125 0.0234375 0.0171875
2 0.084375 0.38828125 0.01875 0.015625
2 0.7625 0.2546875 0.0296875 0.034375
2 0.640625 0.28828125 0.015625 0.015625
2 0.5140625 0.171875 0.015625 0.01875
2 0.77421875 0.378125 0.015625 0.015625
2 0.4765625 0.340625 0.015625 0.0203125
2 0.915625 0.265625 0.0328125 0.0203125
2 0.52890625 0.7296875 0.0140625 0.0171875
2 0.6421875 0.746875 0.0140625 0.01875
2 0.396875 0.93125 0.0171875 0.0140625
2 0.20078125 0.94765625 0.0203125 0.0171875
2 0.8703125 0.80390625 0.0203125 0.015625
2 0.96875 0.9234375 0.0296875 0.0265625
2 0.82578125 0.91171875 0.025 0.0203125
2 0.33984375 0.71171875 0.0109375 0.0125
2 0.63203125 0.14296875 0.0203125 0.01875
2 0.8828125 0.3 0.0171875 0.0171875
2 0.9140625 0.30234375 0.01875 0.015625
2 0.2546875 0.38046875 0.0234375 0.01875
2 0.56796875 0.76796875 0.0140625 0.015625
2 0.2828125 0.7671875 0.0140625 0.0125
2 0.48359375 0.84921875 0.0171875 0.0171875
2 0.64140625 0.8375 0.021875 0.0171875
2 0.91953125 0.79609375 0.0203125 0.0203125