3 0.66796875 0.36796875 0.6640625 0.2046875
3 0.35234375 0.2375 0.0734375 0.475
2 0.08671875 0.2765625 0.0546875 0.04375
2 0.06171875 0.015625 0.0515625 0.03125
2 0.24609375 0.23515625 0.0328125 0.0328125
2 0.5828125 0.12890625 0.028125 0.0234375
2 0.84375 0.2890625 0.03125 0.028125
2 0.371875 0.04921875 0.0265625 0.0359375
2 0.39453125 0.06796875 0.0328125 0.0328125
2 0.346875 0.21015625 0.028125 0.0265625
3 0.2328125 0.1421875 0.059375 0.0234375
3 0.80546875 0.1078125 0.0484375 0.025
3 0.96875 0.02890625 0.0390625 0.0359375
3 0.44921875 0.01015625 0.0578125 0.0203125
2 0.553125 0.15078125 0.028125 0.0390625
2 0.4984375 0.19375 0.025 0.028125
2 0.590625 0.04453125 0.0359375 0.0265625