3 0.6671875 0.37578125 0.665625 0.1984375
3 0.359375 0.2375 0.08125 0.475
2 0.07109375 0.0078125 0.0453125 0.015625
2 0.09296875 0.2703125 0.0484375 0.03125
2 0.25234375 0.23359375 0.0359375 0.0265625
3 0.23671875 0.13515625 0.05625 0.0359375
2 0.58984375 0.13671875 0.0375 0.0203125
2 0.37890625 0.04765625 0.0296875 0.0234375
2 0.3984375 0.0625 0.025 0.01875
2 0.35390625 0.20625 0.03125 0.03125
2 0.846875 0.2953125 0.04375 0.021875
3 0.81171875 0.11484375 0.0640625 0.0296875
3 0.46328125 0.00703125 0.0609375 0.0140625
3 0.96953125 0.03828125 0.0375 0.0453125
2 0.94453125 0.071875 0.0140625 0.034375