1 0.53828125 0.53046875 0.2390625 0.3359375
2 0.1109375 0.1546875 0.0265625 0.040625
2 0.21640625 0.5203125 0.0171875 0.0140625
2 0.16484375 0.33828125 0.0265625 0.021875
2 0.71953125 0.36953125 0.01875 0.021875
2 0.7234375 0.09140625 0.0203125 0.0296875
2 0.75546875 0.09765625 0.01875 0.0265625
2 0.0640625 0.58125 0.0171875 0.015625
2 0.1890625 0.63671875 0.015625 0.021875
2 0.0484375 0.73046875 0.0171875 0.01875
2 0.04296875 0.775 0.0234375 0.01875
2 0.62421875 0.4265625 0.015625 0.0140625
2 0.58359375 0.68671875 0.01875 0.0140625
2 0.61015625 0.74921875 0.0171875 0.015625
2 0.76875 0.71875 0.01875 0.01875
2 0.26796875 0.34375 0.0171875 0.015625
2 0.2375 0.41953125 0.0203125 0.01875
2 0.23046875 0.446875 0.0203125 0.028125
2 0.2171875 0.1140625 0.015625 0.015625
2 0.1375 0.19375 0.0234375 0.0359375
2 0.215625 0.1703125 0.015625 0.015625
2 0.07109375 0.1328125 0.0203125 0.01875
2 0.103125 0.01171875 0.015625 0.0171875
2 0.20546875 0.03671875 0.021875 0.0171875
2 0.75703125 0.25078125 0.028125 0.0296875
2 0.59453125 0.92109375 0.015625 0.0140625
2 0.7171875 0.91796875 0.0171875 0.0140625