1 0.49609375 0.53359375 0.3046875 0.2703125
2 0.30625 0.43828125 0.015625 0.01875
2 0.0625 0.56328125 0.025 0.021875
2 0.2140625 0.60703125 0.0140625 0.01875
2 0.3796875 0.509375 0.015625 0.021875
2 0.278125 0.2671875 0.0171875 0.0171875
2 0.38828125 0.234375 0.0171875 0.0171875
2 0.15 0.35234375 0.015625 0.015625
2 0.80703125 0.246875 0.015625 0.0140625
2 0.65625 0.3296875 0.0171875 0.0171875
2 0.07421875 0.6015625 0.015625 0.0140625
2 0.1 0.5828125 0.01875 0.0125
2 0.09765625 0.60859375 0.01875 0.015625
2 0.40625 0.95625 0.015625 0.015625
2 0.47890625 0.9421875 0.01875 0.0234375
2 0.45 0.94609375 0.0234375 0.0171875
2 0.5703125 0.90546875 0.021875 0.0203125
2 0.796875 0.96640625 0.01875 0.0203125
2 0.9203125 0.72421875 0.01875 0.0171875
2 0.66171875 0.75625 0.0125 0.0125
2 0.671875 0.83515625 0.0125 0.0109375