1 0.47734375 0.44609375 0.2578125 0.2609375
2 0.52109375 0.7609375 0.015625 0.0109375
2 0.678125 0.75859375 0.0171875 0.0140625
2 0.1421875 0.5015625 0.0203125 0.0125
2 0.5890625 0.21953125 0.0125 0.0140625
2 0.71015625 0.26171875 0.0125 0.0140625
2 0.553125 0.33125 0.0109375 0.0109375
2 0.45625 0.3234375 0.0125 0.0140625
2 0.46484375 0.146875 0.0125 0.009375
2 0.8140625 0.103125 0.0203125 0.01875
2 0.765625 0.1171875 0.0140625 0.015625
2 0.5578125 0.078125 0.0078125 0.0109375
2 0.5515625 0.7140625 0.0125 0.0109375
2 0.6625 0.6609375 0.0140625 0.015625
2 0.4875 0.92890625 0.0171875 0.015625
2 0.42578125 0.821875 0.0125 0.0125
2 0.85625 0.646875 0.0203125 0.0203125
2 0.8125 0.6625 0.0171875 0.0125
2 0.96171875 0.728125 0.034375 0.015625
2 0.82890625 0.721875 0.0140625 0.0109375
2 0.81484375 0.7453125 0.021875 0.0125
2 0.8359375 0.7640625 0.03125 0.0140625