1 0.61015625 0.59140625 0.3765625 0.2609375
2 0.21640625 0.37578125 0.015625 0.0140625
2 0.10390625 0.83046875 0.0203125 0.01875
2 0.4078125 0.92265625 0.0203125 0.0171875
2 0.54375 0.94609375 0.0234375 0.01875
2 0.83984375 0.47890625 0.025 0.0203125
2 0.64609375 0.471875 0.01875 0.01875
2 0.75078125 0.55625 0.0234375 0.025
2 0.725 0.30625 0.0234375 0.021875
2 0.859375 0.31796875 0.01875 0.0234375
2 0.96171875 0.62109375 0.0171875 0.025
2 0.9359375 0.57421875 0.0296875 0.0203125
2 0.42265625 0.8234375 0.0171875 0.015625
2 0.09296875 0.965625 0.01875 0.0171875
2 0.15234375 0.88046875 0.0140625 0.009375
2 0.121875 0.99296875 0.015625 0.0140625
2 0.596875 0.925 0.0171875 0.0140625
2 0.41796875 0.86953125 0.0140625 0.0140625
2 0.4046875 0.97109375 0.0125 0.0109375
2 0.42734375 0.97265625 0.0109375 0.009375
2 0.74453125 0.96875 0.015625 0.0125
2 0.6234375 0.9640625 0.0265625 0.01875
2 0.6578125 0.96484375 0.015625 0.0109375
2 0.6890625 0.96484375 0.0203125 0.0171875
2 0.8265625 0.96796875 0.0140625 0.0140625
2 0.4640625 0.48515625 0.0171875 0.0125
2 0.40234375 0.4328125 0.0171875 0.0125
2 0.36796875 0.4671875 0.01875 0.0140625
2 0.25625 0.24765625 0.0171875 0.015625
2 0.6546875 0.2125 0.015625 0.0109375
2 0.653125 0.3421875 0.015625 0.0109375
2 0.8875 0.4359375 0.015625 0.0109375
2 0.86484375 0.53515625 0.0171875 0.015625
2 0.8984375 0.3359375 0.009375 0.009375
2 0.9796875 0.4859375 0.0328125 0.03125
2 0.93984375 0.49140625 0.0234375 0.0203125
2 0.96953125 0.55390625 0.03125 0.015625
2 0.5 0.43359375 0.0109375 0.0125
2 0.63515625 0.87421875 0.0125 0.0125
2 0.62421875 0.90703125 0.0125 0.015625