1 0.51484375 0.615625 0.39375 0.246875
2 0.103125 0.33125 0.015625 0.0140625
2 0.29921875 0.4203125 0.021875 0.015625
2 0.55859375 0.5046875 0.0125 0.0171875
2 0.66171875 0.60546875 0.015625 0.0203125
2 0.765625 0.55234375 0.0125 0.0140625
2 0.8109375 0.4078125 0.0171875 0.0140625
2 0.66796875 0.36953125 0.0203125 0.0171875
2 0.88203125 0.7109375 0.0125 0.0171875
2 0.86015625 0.66015625 0.0265625 0.0140625
2 0.925 0.47265625 0.0171875 0.01875
2 0.8953125 0.49609375 0.015625 0.0140625
2 0.8921875 0.51875 0.0171875 0.0125
2 0.38359375 0.92421875 0.0171875 0.0140625
2 0.2703125 0.7859375 0.0109375 0.0125
2 0.24375 0.87890625 0.015625 0.021875
2 0.17578125 0.92734375 0.0140625 0.0125
2 0.2515625 0.928125 0.009375 0.0125
2 0.50546875 0.9671875 0.01875 0.0140625
2 0.6 0.98828125 0.0203125 0.0171875
2 0.03125 0.93359375 0.0171875 0.0171875
2 0.0796875 0.953125 0.0171875 0.015625
2 0.1546875 0.8421875 0.0125 0.009375
2 0.36171875 0.484375 0.015625 0.0140625
2 0.25625 0.44609375 0.021875 0.015625