3 0.33515625 0.32890625 0.6703125 0.146875
2 0.40234375 0.11796875 0.0265625 0.0328125
2 0.71171875 0.16015625 0.046875 0.0484375
3 0.6125 0.20078125 0.121875 0.4015625
3 0.203125 0.12734375 0.059375 0.0359375
3 0.04765625 0.0765625 0.05 0.025
2 0.48515625 0.16171875 0.0328125 0.028125
2 0.8609375 0.1765625 0.0453125 0.0359375
2 0.5859375 0.01953125 0.028125 0.034375
2 0.38984375 0.046875 0.0203125 0.03125
2 0.565625 0.03828125 0.0203125 0.021875
2 0.0734375 0.1078125 0.021875 0.021875
2 0.6171875 0.15 0.0203125 0.021875