3 0.31328125 0.43671875 0.6265625 0.271875
2 0.44765625 0.20234375 0.0296875 0.0359375
2 0.9109375 0.115625 0.0296875 0.046875
2 0.85234375 0.39296875 0.109375 0.08125
3 0.6453125 0.2859375 0.1046875 0.571875
2 0.73984375 0.32265625 0.0390625 0.0375
3 0.246875 0.1671875 0.0609375 0.03125
3 0.11171875 0.07265625 0.065625 0.034375
3 0.759375 0.23046875 0.0578125 0.0484375
2 0.56875 0.09140625 0.034375 0.0359375
2 0.4390625 0.1140625 0.0484375 0.0328125
2 0.47421875 0.221875 0.0328125 0.03125
2 0.5171875 0.2703125 0.0390625 0.021875
2 0.6359375 0.12890625 0.025 0.0265625
2 0.61484375 0.14453125 0.0265625 0.0265625
2 0.13046875 0.11171875 0.028125 0.0296875
2 0.65234375 0.28984375 0.0328125 0.0234375