3 0.30859375 0.5640625 0.6171875 0.20625
2 0.91484375 0.20546875 0.0484375 0.046875
2 0.89921875 0.46953125 0.065625 0.05625
2 0.42109375 0.34765625 0.0375 0.0328125
2 0.73125 0.4328125 0.03125 0.0671875
3 0.61484375 0.42578125 0.1140625 0.4625
3 0.74453125 0.3359375 0.0625 0.0546875
3 0.16328125 0.309375 0.0484375 0.0390625
2 0.5921875 0.25234375 0.0421875 0.059375
2 0.02890625 0.27109375 0.028125 0.0359375
2 0.62421875 0.3984375 0.03125 0.03125
2 0.39296875 0.3328125 0.0203125 0.028125
2 0.5234375 0.21171875 0.034375 0.0203125