3 0.659375 0.75703125 0.68125 0.4390625
2 0.28203125 0.0953125 0.053125 0.0640625
2 0.228125 0.32265625 0.0421875 0.05625
2 0.559375 0.5 0.0203125 0.0359375
3 0.47734375 0.3125 0.3484375 0.625
2 0.51796875 0.32578125 0.028125 0.034375
3 0.375 0.2953125 0.0421875 0.040625
2 0.35625 0.37890625 0.028125 0.0328125
2 0.44296875 0.41875 0.025 0.025
2 0.5109375 0.296875 0.01875 0.021875
2 0.57890625 0.3109375 0.0296875 0.03125
2 0.93359375 0.65390625 0.0234375 0.0328125
3 0.81640625 0.61015625 0.0453125 0.04375
3 0.9640625 0.62578125 0.040625 0.046875
2 0.609375 0.48984375 0.025 0.0296875
2 0.64296875 0.49296875 0.0234375 0.0359375
2 0.6734375 0.428125 0.028125 0.0390625