3 0.63671875 0.66484375 0.7265625 0.29375
2 0.51171875 0.3734375 0.034375 0.0390625
2 0.0796875 0.28984375 0.0453125 0.0453125
2 0.12109375 0.021875 0.0375 0.04375
3 0.3359375 0.30625 0.246875 0.6125
2 0.39140625 0.20390625 0.0546875 0.0734375
3 0.7453125 0.44453125 0.053125 0.0546875
3 0.90625 0.4375 0.03125 0.05625
3 0.2359375 0.22265625 0.040625 0.0328125
2 0.875 0.46640625 0.0203125 0.0296875
2 0.54765625 0.3703125 0.0234375 0.034375
2 0.5734375 0.2875 0.0359375 0.0375
2 0.4578125 0.3953125 0.0375 0.0359375
2 0.596875 0.50390625 0.03125 0.028125
2 0.3234375 0.3375 0.034375 0.0328125
2 0.2265625 0.3171875 0.03125 0.034375
2 0.3765625 0.3625 0.025 0.03125