3 0.47734375 0.37578125 0.6796875 0.5625
2 0.65390625 0.17109375 0.028125 0.0375
2 0.83046875 0.1125 0.0453125 0.08125
2 0.8765625 0.190625 0.040625 0.05625
2 0.98125 0.44609375 0.0375 0.078125
2 0.79296875 0.26015625 0.01875 0.040625
3 0.8734375 0.415625 0.1234375 0.475
2 0.68125 0.2109375 0.0515625 0.03125
2 0.72109375 0.27890625 0.0421875 0.0265625
2 0.69609375 0.3015625 0.03125 0.021875
2 0.665625 0.078125 0.0375 0.028125
2 0.6703125 0.1421875 0.028125 0.021875
2 0.39765625 0.13203125 0.0359375 0.0328125
2 0.3140625 0.203125 0.04375 0.0375
2 0.9015625 0.18671875 0.0390625 0.0265625
2 0.88828125 0.3703125 0.0296875 0.0390625
3 0.4203125 0.0296875 0.046875 0.040625