3 0.17421875 0.184375 0.05625 0.04375
2 0.20859375 0.27421875 0.0359375 0.0578125
2 0.065625 0.37578125 0.0671875 0.0609375
2 0.13671875 0.37421875 0.046875 0.0578125
3 0.30078125 0.25 0.0734375 0.5
2 0.31015625 0.04765625 0.028125 0.0609375
2 0.4265625 0.14375 0.0484375 0.0375
3 0.62578125 0.27734375 0.5765625 0.459375
2 0.29375 0.2109375 0.03125 0.034375
2 0.46640625 0.075 0.0328125 0.034375
2 0.28671875 0.02890625 0.028125 0.0234375
2 0.49375 0.04453125 0.034375 0.0171875
2 0.01640625 0.1 0.0328125 0.028125
2 0.76328125 0.1203125 0.0359375 0.0375