1 0.5203125 0.3796875 0.290625 0.33125
2 0.1453125 0.6125 0.021875 0.028125
2 0.015625 0.425 0.03125 0.0421875
2 0.2140625 0.4390625 0.0140625 0.015625
2 0.46640625 0.225 0.015625 0.021875
2 0.584375 0.27890625 0.0203125 0.0203125
2 0.4640625 0.109375 0.0171875 0.01875
2 0.30234375 0.06640625 0.021875 0.021875
2 0.64140625 0.12578125 0.0234375 0.0234375
2 0.55078125 0.00703125 0.0171875 0.0140625
2 0.75390625 0.4828125 0.021875 0.025
2 0.32265625 0.51953125 0.0125 0.0203125
2 0.34921875 0.6125 0.0171875 0.0203125
2 0.16328125 0.5125 0.028125 0.034375
2 0.26953125 0.5171875 0.0203125 0.0203125
2 0.0359375 0.3484375 0.0234375 0.025
2 0.9015625 0.6296875 0.015625 0.0171875
2 0.44453125 0.725 0.01875 0.01875
2 0.33046875 0.778125 0.01875 0.01875
2 0.275 0.7625 0.0203125 0.0171875