1 0.58203125 0.5171875 0.3671875 0.209375
2 0.49609375 0.8171875 0.021875 0.0171875
2 0.3828125 0.9234375 0.0203125 0.0234375
2 0.06875 0.8359375 0.01875 0.015625
2 0.16875 0.8640625 0.0203125 0.0234375
2 0.61015625 0.840625 0.01875 0.0125
2 0.37890625 0.70546875 0.0140625 0.0140625
2 0.69921875 0.8484375 0.0203125 0.0203125
2 0.6734375 0.93828125 0.021875 0.0203125
2 0.36171875 0.7890625 0.015625 0.015625
2 0.2171875 0.87578125 0.0171875 0.0171875
2 0.30625 0.84296875 0.0125 0.0140625
2 0.30234375 0.89375 0.015625 0.01875
2 0.1875 0.31015625 0.0171875 0.0140625
2 0.371875 0.3671875 0.01875 0.01875
2 0.70625 0.278125 0.0203125 0.0171875
2 0.81328125 0.43359375 0.0203125 0.0171875
2 0.95625 0.4484375 0.0328125 0.0328125
2 0.61875 0.41484375 0.0140625 0.015625
2 0.434375 0.4171875 0.01875 0.0140625
2 0.721875 0.4953125 0.01875 0.01875
2 0.3375 0.396875 0.0171875 0.015625
2 0.8421875 0.3 0.01875 0.0171875
2 0.9078125 0.52421875 0.0234375 0.01875
2 0.55078125 0.8015625 0.01875 0.0109375
2 0.5 0.8828125 0.021875 0.0140625
2 0.9234375 0.98828125 0.0328125 0.021875
2 0.05859375 0.68984375 0.021875 0.015625
2 0.040625 0.80703125 0.0125 0.0171875
2 0.3859375 0.953125 0.0140625 0.0203125
2 0.4265625 0.96640625 0.01875 0.01875
2 0.428125 0.89375 0.0234375 0.01875
2 0.353125 0.8296875 0.021875 0.0171875
2 0.58125 0.790625 0.015625 0.0171875
2 0.95234375 0.3453125 0.0234375 0.015625
2 0.2296875 0.2 0.01875 0.0140625
2 0.24921875 0.31484375 0.0296875 0.028125