3 0.58203125 0.3515625 0.3140625 0.4109375
3 0.35546875 0.75703125 0.7109375 0.4078125
2 0.23671875 0.38046875 0.01875 0.0328125
3 0.81640625 0.23515625 0.0609375 0.0484375
2 0.86796875 0.15859375 0.0453125 0.05
3 0.653125 0.1578125 0.0515625 0.053125
2 0.68359375 0.26015625 0.0296875 0.0296875
2 0.290625 0.45546875 0.025 0.0265625
2 0.365625 0.2234375 0.046875 0.028125
3 0.0515625 0.62890625 0.04375 0.0453125
2 0.33671875 0.44375 0.034375 0.04375
2 0.40625 0.44453125 0.0296875 0.0390625
2 0.50625 0.3703125 0.028125 0.021875
2 0.56796875 0.321875 0.0171875 0.0265625
2 0.4578125 0.19296875 0.01875 0.0265625
2 0.44921875 0.225 0.0265625 0.0296875
2 0.4375 0.35625 0.028125 0.0265625
2 0.28359375 0.421875 0.0359375 0.03125
2 0.103125 0.8421875 0.025 0.0296875
2 0.25703125 0.62421875 0.01875 0.0234375
2 0.40625 0.4859375 0.028125 0.025