3 0.6640625 0.35546875 0.56875 0.309375
2 0.12578125 0.0109375 0.0265625 0.021875
2 0.15859375 0.31171875 0.0328125 0.046875
2 0.290625 0.246875 0.0296875 0.0375
2 0.27578125 0.13828125 0.0390625 0.0328125
3 0.38203125 0.2546875 0.0296875 0.509375
3 0.215625 0.328125 0.0484375 0.025
2 0.571875 0.0875 0.028125 0.0265625
2 0.4609375 0.12421875 0.0234375 0.021875
2 0.50625 0.16953125 0.0265625 0.025
2 0.54296875 0.11328125 0.0328125 0.0296875
2 0.3765625 0.2015625 0.0203125 0.025
2 0.8078125 0.24140625 0.0203125 0.0234375
3 0.76328125 0.03515625 0.0484375 0.0203125
2 0.565625 0.0546875 0.0234375 0.0234375
2 0.40859375 0.03046875 0.021875 0.0234375
2 0.390625 0.0125 0.01875 0.025
2 0.6484375 0.19296875 0.0234375 0.0203125