3 0.6484375 0.3515625 0.6328125 0.2984375
3 0.30546875 0.2609375 0.0671875 0.465625
2 0.0578125 0.340625 0.034375 0.0390625
2 0.20625 0.27734375 0.0265625 0.034375
2 0.303125 0.0734375 0.0203125 0.0203125
2 0.32265625 0.08828125 0.0234375 0.0203125
2 0.30234375 0.23515625 0.0203125 0.021875
3 0.178125 0.1875 0.04375 0.028125
3 0.7375 0.06640625 0.046875 0.028125
2 0.3734375 0.02421875 0.03125 0.03125
2 0.51953125 0.1265625 0.028125 0.025
2 0.48984375 0.1484375 0.025 0.021875
2 0.8078125 0.24140625 0.034375 0.0234375
2 0.3578125 0.22265625 0.0265625 0.025
2 0.51796875 0.0375 0.028125 0.0265625
2 0.42890625 0.01640625 0.028125 0.0328125
2 0.86484375 0.00703125 0.0140625 0.0140625
2 0.39296875 0.1640625 0.025 0.01875