3 0.67109375 0.3734375 0.6578125 0.196875
3 0.35234375 0.23359375 0.078125 0.4671875
2 0.06484375 0.01328125 0.0328125 0.021875
2 0.08828125 0.2765625 0.0359375 0.0359375
2 0.24453125 0.234375 0.025 0.0296875
2 0.84453125 0.29140625 0.021875 0.021875
2 0.57890625 0.1328125 0.0234375 0.0265625
2 0.49921875 0.19453125 0.0203125 0.021875
2 0.34609375 0.209375 0.0234375 0.0234375
2 0.37265625 0.04765625 0.015625 0.021875
2 0.39296875 0.0640625 0.0296875 0.025
2 0.9375 0.07109375 0.015625 0.0234375
2 0.546875 0.15234375 0.0328125 0.0265625
3 0.2328125 0.14140625 0.0546875 0.0296875
3 0.80078125 0.11171875 0.0421875 0.0234375
3 0.45078125 0.01015625 0.0421875 0.0203125
3 0.9640625 0.0296875 0.0359375 0.0265625