3 0.69296875 0.51015625 0.01875 0.0328125
3 0.49609375 0.76484375 0.6890625 0.11875
3 0.33359375 0.796875 0.0109375 0.015625
3 0.55625 0.80546875 0.01875 0.0359375
3 0.15859375 0.62578125 0.0265625 0.0203125
3 0.134375 0.59140625 0.0234375 0.0140625
3 0.45703125 0.678125 0.0203125 0.0234375
3 0.58984375 0.715625 0.0359375 0.040625
2 0.8765625 0.9 0.0125 0.0234375
2 0.85078125 0.8703125 0.0109375 0.015625
2 0.8734375 0.8578125 0.009375 0.015625
2 0.88203125 0.821875 0.015625 0.01875
2 0.8109375 0.940625 0.0109375 0.0125
2 0.9171875 0.95859375 0.0109375 0.0140625
2 0.9125 0.83203125 0.0125 0.0140625
2 0.89765625 0.903125 0.0109375 0.0234375
2 0.89296875 0.83046875 0.0140625 0.0125
2 0.93203125 0.8015625 0.009375 0.009375
2 0.53203125 0.9625 0.03125 0.01875