1 0.48203125 0.45546875 0.3859375 0.2453125
2 0.82265625 0.8515625 0.0390625 0.03125
2 0.665625 0.73203125 0.0171875 0.01875
2 0.46015625 0.3421875 0.015625 0.015625
2 0.625 0.27890625 0.0171875 0.015625
2 0.76328125 0.35390625 0.0171875 0.0171875
2 0.74609375 0.23359375 0.0234375 0.0296875
2 0.0765625 0.425 0.0140625 0.01875
2 0.4890625 0.7859375 0.01875 0.015625
2 0.3625 0.728125 0.015625 0.01875
2 0.24375 0.97265625 0.021875 0.01875
2 0.15 0.98828125 0.021875 0.0234375
2 0.434375 0.9390625 0.025 0.0171875
2 0.5203125 0.85234375 0.028125 0.01875
2 0.66875 0.83125 0.028125 0.025
2 0.8921875 0.77265625 0.0234375 0.0203125
2 0.8765625 0.284375 0.0296875 0.015625
2 0.8953125 0.2296875 0.028125 0.021875
2 0.60390625 0.134375 0.021875 0.01875
2 0.48515625 0.17265625 0.0203125 0.0140625
2 0.5703125 0.378125 0.0171875 0.021875