1 0.5390625 0.5265625 0.240625 0.359375
2 0.0453125 0.059375 0.0265625 0.025
2 0.175 0.153125 0.0234375 0.0296875
2 0.0703125 0.20390625 0.034375 0.040625
2 0.10703125 0.2421875 0.0390625 0.034375
2 0.23046875 0.45 0.01875 0.021875
2 0.2234375 0.4765625 0.0265625 0.0265625
2 0.221875 0.55390625 0.01875 0.0234375
2 0.07890625 0.63203125 0.021875 0.021875
2 0.7328125 0.22421875 0.0390625 0.0390625
2 0.7046875 0.34375 0.021875 0.01875
2 0.60703125 0.6765625 0.01875 0.0234375
2 0.61484375 0.41171875 0.0203125 0.0171875
2 0.209375 0.675 0.015625 0.015625
2 0.08125 0.78671875 0.021875 0.0203125
2 0.08046875 0.82734375 0.0234375 0.0171875
2 0.64140625 0.73828125 0.01875 0.021875
2 0.6421875 0.909375 0.015625 0.0125