1 0.53828125 0.52734375 0.2390625 0.3390625
2 0.078125 0.0296875 0.0296875 0.0328125
2 0.09296875 0.17734375 0.03125 0.0265625
2 0.19765625 0.134375 0.0234375 0.025
2 0.06953125 0.60546875 0.01875 0.0234375
2 0.2203125 0.5390625 0.021875 0.0265625
2 0.259375 0.35546875 0.0171875 0.0171875
2 0.228125 0.4625 0.021875 0.03125
2 0.05703125 0.79609375 0.0203125 0.0234375
2 0.71484375 0.35703125 0.021875 0.021875
2 0.62109375 0.42265625 0.0171875 0.0234375
2 0.62265625 0.7453125 0.0203125 0.01875
2 0.61484375 0.91796875 0.0171875 0.025
2 0.7375 0.08125 0.0234375 0.0265625
2 0.6859375 0.10703125 0.0234375 0.021875
2 0.86015625 0.36640625 0.021875 0.021875
2 0.19765625 0.65078125 0.0203125 0.0203125
2 0.1828125 0.05 0.015625 0.015625