3 0.36875 0.33359375 0.2109375 0.659375
3 0.2375 0.65625 0.475 0.075
3 0.14375 0.77578125 0.0375 0.0515625
3 0.29921875 0.84921875 0.0375 0.0734375
2 0.12890625 0.4296875 0.0265625 0.03125
2 0.153125 0.4640625 0.028125 0.03125
2 0.0640625 0.62265625 0.021875 0.0171875
2 0.0484375 0.63984375 0.0171875 0.01875
2 0.0125 0.56171875 0.025 0.0359375
2 0.021875 0.94765625 0.0328125 0.0265625
2 0.2828125 0.9171875 0.0390625 0.0296875
2 0.1078125 0.20859375 0.0296875 0.0359375
2 0.28359375 0.15859375 0.0328125 0.025
2 0.2125 0.65625 0.03125 0.025